           1     29      7   1.8181818181818181     
           2     39     23   1.8181818181818181     
           3     38     12   1.8181818181818181     
           4     15     19   1.8181818181818181     
           5     23      5   1.8181818181818181     
           6     24     22   1.8181818181818181     
           7      4     42   1.8181818181818181     
           8     19     32   1.8181818181818181     
           9     30      2   1.8181818181818181     
          10     26     40   1.8181818181818181     
          11     39     16   1.8181818181818181     
          12     11     25   1.8181818181818181     
          13     13     16   1.8181818181818181     
          14     25     42   1.8181818181818181     
          15     21     32   1.8181818181818181     
          16     45     40   1.8181818181818181     
          17     12     35   1.8181818181818181     
          18     16     39   1.8181818181818181     
          19     21     11   1.8181818181818181     
          20     43      5   1.8181818181818181     
          21     15     31   1.8181818181818181     
          22     33     38   1.8181818181818181     
          23     25     43   1.8181818181818181     
          24     38     39   1.8181818181818181     
          25     24     18   1.8181818181818181     
          26     35      1   1.8181818181818181     
          27     43     31   1.8181818181818181     
          28     42     45   1.8181818181818181     
          29     40     32   1.8181818181818181     
          30      9      2   1.8181818181818181     
          31     39     42   1.8181818181818181     
          32     19      8   1.8181818181818181     
          33      4     41   1.8181818181818181     
          34     15      1   1.8181818181818181     
          35     26     21   1.8181818181818181     
          36     20     18   1.8181818181818181     
          37      6     30   1.8181818181818181     
          38     32     30   1.8181818181818181     
          39     43     12   1.8181818181818181     
          40      3      6   1.8181818181818181     
          41     25      6   1.8181818181818181     
          42     27      1   1.8181818181818181     
          43     23     11   1.8181818181818181     
          44     39     13   1.8181818181818181     
          45     26     41   1.8181818181818181     
          46     30     42   1.8181818181818181     
          47     18     18   1.8181818181818181     
          48     31      1   1.8181818181818181     
          49      2      6   1.8181818181818181     
          50     30     34   1.8181818181818181     
          51     28     26   1.8181818181818181     
          52      7     23   1.8181818181818181     
          53     24      2   1.8181818181818181     
          54     24      9   1.8181818181818181     
          55     13     32   1.8181818181818181     
          56     16      2   1.8181818181818181     
          57     16     15   1.8181818181818181     
          58     27     20   1.8181818181818181     
          59      2      5   1.8181818181818181     
          60     45      3   1.8181818181818181     
          61     42     37   1.8181818181818181     
          62      5     25   1.8181818181818181     
          63      8     40   1.8181818181818181     
          64     29     45   1.8181818181818181     
          65     34     27   1.8181818181818181     
          66     44     42   1.8181818181818181     
          67     18      5   1.8181818181818181     
          68     26     20   1.8181818181818181     
          69     34     17   1.8181818181818181     
          70     15      6   1.8181818181818181     
          71      6     34   1.8181818181818181     
          72     27      3   1.8181818181818181     
          73     11     21   1.8181818181818181     
          74     33     32   1.8181818181818181     
          75     44     28   1.8181818181818181     
          76     25     43   1.8181818181818181     
          77     20     16   1.8181818181818181     
          78     42      6   1.8181818181818181     
          79     20     40   1.8181818181818181     
          80     12     25   1.8181818181818181     
          81     24      2   1.8181818181818181     
          82     44     26   1.8181818181818181     
          83      7     20   1.8181818181818181     
          84     39     38   1.8181818181818181     
          85     29     22   1.8181818181818181     
          86     41     26   1.8181818181818181     
          87      3      3   1.8181818181818181     
          88     15     33   1.8181818181818181     
          89      7     17   1.8181818181818181     
          90     12     19   1.8181818181818181     
          91     33     23   1.8181818181818181     
          92     27     21   1.8181818181818181     
          93     42      9   1.8181818181818181     
          94     24     43   1.8181818181818181     
          95     26     34   1.8181818181818181     
          96     21     34   1.8181818181818181     
          97     17     40   1.8181818181818181     
          98     15     40   1.8181818181818181     
          99     15     35   1.8181818181818181     
         100     26     34   1.8181818181818181     
         101     23      5   1.8181818181818181     
         102      5     15   1.8181818181818181     
         103     10     35   1.8181818181818181     
         104     23     30   1.8181818181818181     
         105     26     12   1.8181818181818181     
         106     36     23   1.8181818181818181     
         107     25     17   1.8181818181818181     
         108      9      7   1.8181818181818181     
         109     30     33   1.8181818181818181     
         110     21     13   1.8181818181818181     
         111     30      8   1.8181818181818181     
         112      8      5   1.8181818181818181     
         113     31     41   1.8181818181818181     
         114     15     31   1.8181818181818181     
         115     29     11   1.8181818181818181     
         116      6     36   1.8181818181818181     
         117     18     27   1.8181818181818181     
         118     41      2   1.8181818181818181     
         119     37     19   1.8181818181818181     
         120     14     31   1.8181818181818181     
         121     32     26   1.8181818181818181     
         122     19      2   1.8181818181818181     
         123     12     45   1.8181818181818181     
         124     33     43   1.8181818181818181     
         125     11     10   1.8181818181818181     
         126     16     35   1.8181818181818181     
         127     28     15   1.8181818181818181     
         128     39     16   1.8181818181818181     
         129     30     41   1.8181818181818181     
         130     17     22   1.8181818181818181     
         131     18     39   1.8181818181818181     
         132     21     42   1.8181818181818181     
         133     33     21   1.8181818181818181     
         134     43     11   1.8181818181818181     
         135     45     26   1.8181818181818181     
         136     45     35   1.8181818181818181     
         137     42     22   1.8181818181818181     
         138     26      6   1.8181818181818181     
         139      7     12   1.8181818181818181     
         140     10     15   1.8181818181818181     
         141     28     35   1.8181818181818181     
         142     45     34   1.8181818181818181     
         143     21     32   1.8181818181818181     
         144     33      9   1.8181818181818181     
         145      1     17   1.8181818181818181     
         146     25      2   1.8181818181818181     
         147     12     19   1.8181818181818181     
         148     41     36   1.8181818181818181     
         149     12     40   1.8181818181818181     
         150     27     44   1.8181818181818181     
         151     27     28   1.8181818181818181     
         152     20     15   1.8181818181818181     
         153     10      6   1.8181818181818181     
         154      9     32   1.8181818181818181     
         155     40      7   1.8181818181818181     
         156     23     19   1.8181818181818181     
         157     20     37   1.8181818181818181     
         158      6     15   1.8181818181818181     
         159     19     14   1.8181818181818181     
         160      6      5   1.8181818181818181     
         161      9     15   1.8181818181818181     
         162     28     40   1.8181818181818181     
         163     14     25   1.8181818181818181     
         164     25      1   1.8181818181818181     
         165      1     31   1.8181818181818181     
         166     14     26   1.8181818181818181     
         167      7     33   1.8181818181818181     
         168     38     41   1.8181818181818181     
         169     17      5   1.8181818181818181     
         170     11      7   1.8181818181818181     
         171     24      9   1.8181818181818181     
         172     11      7   1.8181818181818181     
         173      7      3   1.8181818181818181     
         174     20     20   1.8181818181818181     
         175     27     43   1.8181818181818181     
         176      8     43   1.8181818181818181     
         177     32     44   1.8181818181818181     
         178     31     26   1.8181818181818181     
         179     35     38   1.8181818181818181     
         180     14      9   1.8181818181818181     
         181     39     13   1.8181818181818181     
         182     45     29   1.8181818181818181     
         183     44     28   1.8181818181818181     
         184     22     37   1.8181818181818181     
         185     18      2   1.8181818181818181     
         186     29     19   1.8181818181818181     
         187     15     41   1.8181818181818181     
         188     21     40   1.8181818181818181     
         189     43     15   1.8181818181818181     
         190     28     33   1.8181818181818181     
         191     31     21   1.8181818181818181     
         192     32     13   1.8181818181818181     
         193     31     13   1.8181818181818181     
         194     32     42   1.8181818181818181     
         195      1     11   1.8181818181818181     
         196      3     25   1.8181818181818181     
         197     15     27   1.8181818181818181     
         198     29      2   1.8181818181818181     
         199     17     13   1.8181818181818181     
         200     44     18   1.8181818181818181     
         201      6     40   1.8181818181818181     
         202     12     29   1.8181818181818181     
         203     26      1   1.8181818181818181     
         204     37     28   1.8181818181818181     
         205      8     27   1.8181818181818181     
         206     29     41   1.8181818181818181     
         207     29     23   1.8181818181818181     
         208      6     32   1.8181818181818181     
         209      3     41   1.8181818181818181     
         210     35      8   1.8181818181818181     
         211     32     28   1.8181818181818181     
         212      7     31   1.8181818181818181     
         213      3     17   1.8181818181818181     
         214     33     44   1.8181818181818181     
         215      7     16   1.8181818181818181     
         216     41     16   1.8181818181818181     
         217     15     43   1.8181818181818181     
         218     12     44   1.8181818181818181     
         219     38      1   1.8181818181818181     
         220     31     16   1.8181818181818181     
         221     28      7   1.8181818181818181     
         222     11     42   1.8181818181818181     
         223     10     22   1.8181818181818181     
         224     15     39   1.8181818181818181     
         225     41      8   1.8181818181818181     
         226     10     30   1.8181818181818181     
         227     38     18   1.8181818181818181     
         228     35     19   1.8181818181818181     
         229     12      5   1.8181818181818181     
         230     27     34   1.8181818181818181     
         231     29      8   1.8181818181818181     
         232     11     18   1.8181818181818181     
         233     33     14   1.8181818181818181     
         234      3     10   1.8181818181818181     
         235      4     33   1.8181818181818181     
         236     42     45   1.8181818181818181     
         237     26     34   1.8181818181818181     
         238      1     11   1.8181818181818181     
         239     13     21   1.8181818181818181     
         240     36     27   1.8181818181818181     
         241     44      3   1.8181818181818181     
         242     37      9   1.8181818181818181     
         243      1      2   1.8181818181818181     
         244     12      6   1.8181818181818181     
         245     13     37   1.8181818181818181     
         246     17     28   1.8181818181818181     
         247     12     41   1.8181818181818181     
         248     34      9   1.8181818181818181     
         249      2     29   1.8181818181818181     
         250     25     20   1.8181818181818181     
         251     18     36   1.8181818181818181     
         252     33      9   1.8181818181818181     
         253     32     18   1.8181818181818181     
         254     17     31   1.8181818181818181     
         255     13     42   1.8181818181818181     
         256     40     15   1.8181818181818181     
         257     12     45   1.8181818181818181     
         258     37      4   1.8181818181818181     
         259     40     29   1.8181818181818181     
         260     28      5   1.8181818181818181     
         261     29     32   1.8181818181818181     
         262      2     25   1.8181818181818181     
         263     42     40   1.8181818181818181     
         264      8     19   1.8181818181818181     
         265     16     24   1.8181818181818181     
         266     41     14   1.8181818181818181     
         267     42     24   1.8181818181818181     
         268     33     30   1.8181818181818181     
         269     42      4   1.8181818181818181     
         270     40     38   1.8181818181818181     
         271     42     33   1.8181818181818181     
         272     29     33   1.8181818181818181     
         273     34     18   1.8181818181818181     
         274      1     23   1.8181818181818181     
         275     38      7   1.8181818181818181     
         276     15      6   1.8181818181818181     
         277     11     32   1.8181818181818181     
         278     13     28   1.8181818181818181     
         279     33     39   1.8181818181818181     
         280     13     16   1.8181818181818181     
         281      6     31   1.8181818181818181     
         282     17     10   1.8181818181818181     
         283     18     18   1.8181818181818181     
         284     30     11   1.8181818181818181     
         285     11     33   1.8181818181818181     
         286     29     14   1.8181818181818181     
         287     21      1   1.8181818181818181     
         288     15     28   1.8181818181818181     
         289     39     35   1.8181818181818181     
         290     25     22   1.8181818181818181     
         291     19      4   1.8181818181818181     
         292     17     11   1.8181818181818181     
         293     31     35   1.8181818181818181     
         294     15     24   1.8181818181818181     
         295     13     32   1.8181818181818181     
         296     23     16   1.8181818181818181     
         297     19      7   1.8181818181818181     
         298     40     13   1.8181818181818181     
         299     39     25   1.8181818181818181     
         300     23     22   1.8181818181818181     
         301     16      8   1.8181818181818181     
         302     31      4   1.8181818181818181     
         303     12     11   1.8181818181818181     
         304     27     42   1.8181818181818181     
         305     24     36   1.8181818181818181     
         306     12      7   1.8181818181818181     
         307     27      8   1.8181818181818181     
         308     20      2   1.8181818181818181     
         309     40      7   1.8181818181818181     
         310      7     25   1.8181818181818181     
         311     22     24   1.8181818181818181     
         312     29     31   1.8181818181818181     
         313     19     25   1.8181818181818181     
         314     18     24   1.8181818181818181     
         315     16     26   1.8181818181818181     
         316     28      8   1.8181818181818181     
         317     43      5   1.8181818181818181     
         318     44     32   1.8181818181818181     
         319     18     27   1.8181818181818181     
         320      9     28   1.8181818181818181     
         321     24     15   1.8181818181818181     
         322     23     41   1.8181818181818181     
         323     27     41   1.8181818181818181     
         324     41     43   1.8181818181818181     
         325      6     31   1.8181818181818181     
         326     21     19   1.8181818181818181     
         327     17     14   1.8181818181818181     
         328     17     33   1.8181818181818181     
         329     24     25   1.8181818181818181     
         330     31     43   1.8181818181818181     
         331     24     39   1.8181818181818181     
         332     29     12   1.8181818181818181     
         333     19     41   1.8181818181818181     
         334     20     28   1.8181818181818181     
         335     14     29   1.8181818181818181     
         336     43     33   1.8181818181818181     
         337     43     13   1.8181818181818181     
         338     36     18   1.8181818181818181     
         339     11     29   1.8181818181818181     
         340     34     40   1.8181818181818181     
         341     18      4   1.8181818181818181     
         342      2     16   1.8181818181818181     
         343      6     19   1.8181818181818181     
         344      5     18   1.8181818181818181     
         345     35     35   1.8181818181818181     
         346      1     27   1.8181818181818181     
         347      7     20   1.8181818181818181     
         348     39      4   1.8181818181818181     
         349      1     39   1.8181818181818181     
         350     12     45   1.8181818181818181     
         351     19     41   1.8181818181818181     
         352      5     25   1.8181818181818181     
         353     27     35   1.8181818181818181     
         354      7     27   1.8181818181818181     
         355     25     35   1.8181818181818181     
         356     26     20   1.8181818181818181     
         357     14     38   1.8181818181818181     
         358     27      7   1.8181818181818181     
         359     30     42   1.8181818181818181     
         360      8     10   1.8181818181818181     
         361     14     17   1.8181818181818181     
         362     40     10   1.8181818181818181     
         363     44     14   1.8181818181818181     
         364      3      9   1.8181818181818181     
         365     11     25   1.8181818181818181     
         366     44     25   1.8181818181818181     
         367     20     31   1.8181818181818181     
         368      7     31   1.8181818181818181     
         369     18     16   1.8181818181818181     
         370     44     38   1.8181818181818181     
         371     34     13   1.8181818181818181     
         372      4     19   1.8181818181818181     
         373     43      1   1.8181818181818181     
         374     38     31   1.8181818181818181     
         375      8     30   1.8181818181818181     
         376     16     37   1.8181818181818181     
         377     22      2   1.8181818181818181     
         378     14     15   1.8181818181818181     
         379     14     36   1.8181818181818181     
         380     45     36   1.8181818181818181     
         381     18     26   1.8181818181818181     
         382     13     44   1.8181818181818181     
         383     32     13   1.8181818181818181     
         384     43      9   1.8181818181818181     
         385     40     15   1.8181818181818181     
         386     14     42   1.8181818181818181     
         387     37     32   1.8181818181818181     
         388     33     35   1.8181818181818181     
         389     39      6   1.8181818181818181     
         390     30     44   1.8181818181818181     
         391     40      2   1.8181818181818181     
         392     34     18   1.8181818181818181     
         393     22     44   1.8181818181818181     
         394     25     40   1.8181818181818181     
         395     12      2   1.8181818181818181     
         396     41     25   1.8181818181818181     
         397     20     19   1.8181818181818181     
         398      7      3   1.8181818181818181     
         399     10     30   1.8181818181818181     
         400     42     38   1.8181818181818181     
         401     32     13   1.8181818181818181     
         402     32      3   1.8181818181818181     
         403     31     13   1.8181818181818181     
         404     17     15   1.8181818181818181     
         405     15     10   1.8181818181818181     
         406     13     16   1.8181818181818181     
         407     33     32   1.8181818181818181     
         408      4     11   1.8181818181818181     
         409     10     26   1.8181818181818181     
         410     19     10   1.8181818181818181     
         411     33     21   1.8181818181818181     
         412      4     12   1.8181818181818181     
         413     19      9   1.8181818181818181     
         414      6     13   1.8181818181818181     
         415     16     43   1.8181818181818181     
         416     19     11   1.8181818181818181     
         417     40     27   1.8181818181818181     
         418      4     37   1.8181818181818181     
         419     37     35   1.8181818181818181     
         420     44      7   1.8181818181818181     
         421     36      1   1.8181818181818181     
         422     19     37   1.8181818181818181     
         423     34     37   1.8181818181818181     
         424     22     27   1.8181818181818181     
         425     17     16   1.8181818181818181     
         426      4     10   1.8181818181818181     
         427     45     13   1.8181818181818181     
         428     31      9   1.8181818181818181     
         429     22     35   1.8181818181818181     
         430     29      3   1.8181818181818181     
         431     35     24   1.8181818181818181     
         432     29      3   1.8181818181818181     
         433     27     20   1.8181818181818181     
         434     41     27   1.8181818181818181     
         435     27     44   1.8181818181818181     
         436     24      2   1.8181818181818181     
         437     11     29   1.8181818181818181     
         438     37      4   1.8181818181818181     
         439     13      5   1.8181818181818181     
         440     24     13   1.8181818181818181     
         441     39     39   1.8181818181818181     
         442     36      8   1.8181818181818181     
         443     35     21   1.8181818181818181     
         444     11     37   1.8181818181818181     
         445      1     27   1.8181818181818181     
         446     16     34   1.8181818181818181     
         447     44      4   1.8181818181818181     
         448     43      5   1.8181818181818181     
         449     39     33   1.8181818181818181     
         450     23      9   1.8181818181818181     
         451     20      7   1.8181818181818181     
         452     25     38   1.8181818181818181     
         453     13     39   1.8181818181818181     
         454     36     14   1.8181818181818181     
         455      6     45   1.8181818181818181     
         456     34     26   1.8181818181818181     
         457     29     20   1.8181818181818181     
         458     36     12   1.8181818181818181     
         459     24     24   1.8181818181818181     
         460      4     11   1.8181818181818181     
         461     36     17   1.8181818181818181     
         462      4     21   1.8181818181818181     
         463     35     31   1.8181818181818181     
         464     14     33   1.8181818181818181     
         465     17     34   1.8181818181818181     
         466     17     17   1.8181818181818181     
         467     29     16   1.8181818181818181     
         468     25      4   1.8181818181818181     
         469     38      3   1.8181818181818181     
         470     35     33   1.8181818181818181     
         471     24      5   1.8181818181818181     
         472     13     37   1.8181818181818181     
         473     10     18   1.8181818181818181     
         474     28     43   1.8181818181818181     
         475     28     15   1.8181818181818181     
         476     10     43   1.8181818181818181     
         477     22     15   1.8181818181818181     
         478      4      9   1.8181818181818181     
         479     35     36   1.8181818181818181     
         480     22      2   1.8181818181818181     
         481     37     42   1.8181818181818181     
         482     39      7   1.8181818181818181     
         483     33     25   1.8181818181818181     
         484      1     30   1.8181818181818181     
         485      9     31   1.8181818181818181     
         486      2      2   1.8181818181818181     
         487     29     20   1.8181818181818181     
         488     37     38   1.8181818181818181     
         489     16     40   1.8181818181818181     
         490      1     17   1.8181818181818181     
         491     22     43   1.8181818181818181     
         492     18      5   1.8181818181818181     
         493     33     12   1.8181818181818181     
         494     13     36   1.8181818181818181     
         495      6     26   1.8181818181818181     
         496      7     18   1.8181818181818181     
         497     26     33   1.8181818181818181     
         498     18     17   1.8181818181818181     
         499     43     38   1.8181818181818181     
         500     39     19   1.8181818181818181     


           1     38     39   1.3978938952907907     
           2     42     13   2.4352027985789331     
           3     44     42   2.6816290854620735     
           4     18     16  0.62059778491888795     
           5      9     19  0.90582506347295777     
           6      6     28   2.8229919160607944     
           7     28     31   2.4684702395761637     
           8      6      6   1.3692471931443451     
           9     34     32  0.43817384926365016     
          10      9     22   2.2751374417521921     
          11     20      8   1.0757234569744440     
          12     11     12   1.0404056672928486     
          13     33     27   1.7010922337042285     
          14     29     26   3.8871110148317034     
          15     23     29  0.79574562935680038     
          16     25     18   2.5635441157626593     
          17     29     26   2.0230592563531427     
          18      5     22   1.2946385040039363     
          19     21      7   3.1477654953310377     
          20     26     10   2.8078413884835407     
          21     19     44   1.9695879549436772     
          22      4     25  0.70150864695519988     
          23     11     44   1.6821550495057096     
          24     32     44   3.6927766719427910     
          25     44     38   3.0256704070647880     
          26     21     38   1.7538406240610465     
          27     38     38   1.4926246753375483     
          28     20     41   2.4869652031208100     
          29      7     29   2.4450549350296003     
          30     29     30   2.1362040986568736     
          31      6      4   1.8211098417738307     
          32     19     38   1.9742350493859453     
          33     27     44   1.4760805641890726     
          34     43     33  0.82872976771014650     
          35      6     13   1.2883199818835316     
          36      3     42   1.3252641014718558     
          37      8     14  0.85710662915812352     
          38     41     19   1.0993363478520195     
          39     24     31   1.4950502137885076     
          40     17     41   1.2916594680425171     
          41     28     33  0.92891405500232793     
          42     14     28   3.2525528071480347     
          43      9     44   1.4493695648522071     
          44      1     29   1.2746700427670650     
          45      4     17   2.6038178893838744     
          46     33     33   1.6202109773837932     
          47     15      1   2.4137257990212171     
          48     28     40  0.90749225743851181     
          49     39     32   2.8124847678587055     
          50     14      6   1.7558283011038043     
          51     16     27   1.6993385598563433     
          52     24     31   2.4945535890034387     
          53     22     30   1.0341873782250091     
          54     42      2   3.1633715639679547     
          55     42     16   1.5420866165955689     
          56      7      7  0.84596164679672092     
          57      1      5   2.8436775012758599     
          58     15     16   1.8542785376782169     
          59     39     19   2.1503074332988326     
          60     33      7   1.5162755098250309     
          61     15     18   2.1857345257965388     
          62     32     45  0.76006991149789782     
          63     12      7  0.97617517509298535     
          64     19     35   2.6555630724421855     
          65     42      5   2.3329454437021746     
          66     38      7   2.1458197007123654     
          67     19     10   1.0815138651548679     
          68     38     13   1.3459736221320595     
          69     34      2  0.81905043212027184     
          70     43     36  0.95729864715573598     
          71     34     26   2.3833784051062774     
          72     23     45  0.81189400427600733     
          73      7     10   2.4289318088338381     
          74     15      7  0.88831255370992923     
          75     37     13   2.8818205272203046     
          76     25     42   1.6161572720887090     
          77      2      9  0.72242483530673807     
          78     25     17   1.0598829855561307     
          79     11     35   1.3729062822976283     
          80     37     28   1.2960709289422951     
          81     18     20  0.68171681761115832     
          82      3     33   3.5527818742014774     
          83      7     13   4.5402031511248486     
          84     16     26  0.77713813911401652     
          85     41     35   2.5838652092121919     
          86     10     18   4.8202720291923367     
          87     14     18   3.3478631730034549     
          88     14      2   1.4744800995264704     
          89     32     31   3.7703683048619054     
          90     28     14   3.7550545180168480     
          91     39      5   3.0286068763097522     
          92     31     30  0.71691557978394349     
          93     41     10  0.79524214901347368     
          94     27     38   2.3582192326015750     
          95     23     41   1.0231351338384027     
          96     27     22   1.8798143692325939     
          97     33      8   1.6784203364440031     
          98     29     31   2.0533753924574487     
          99     28     22   2.0724115500722444     
         100     42     44   1.6264024915221333     
         101     22     26   4.4069118141022514     
         102      5     11   2.7836865955597578     
         103     25     41   2.3749881243931203     
         104     28     22   2.8234380332454703     
         105     30     31   4.5482699811860057     
         106     14     26   1.4644175239956230     
         107     23     27   2.1868944329289834     
         108     45     20   2.0929560795343529     
         109     42     20   3.7889608792821172     
         110     20      5   1.5053790451213966     
         111      4     12   4.3532594451368345     
         112     32     30   1.2594095559812946     
         113     27      6   1.5337812215862039     
         114     25     22   3.3899498027366937     
         115     14     34   1.0830541272213894     
         116     35     13   2.7904847347214998     
         117     11     18   1.3374308118091558     
         118     23     40   1.5963122190424779     
         119     18     26   1.1193767250559634     
         120     39     31  0.89574035206385927     
         121     11      8  0.84380878355535593     
         122     14     33  0.97540583776837242     
         123     22     12  0.99399749808518489     
         124      4      1  0.52947977733893847     
         125      2      5  0.86901444129555849     
         126      2     33  0.96878195391490718     
         127     33     21  0.67452354278647420     
         128     39      8   1.6809239939035723     
         129      7     15   2.2931861753353884     
         130     38     24   2.8031521758105225     
         131     23     29  0.96614958531159234     
         132      6      1   1.6827201341427873     
         133     10      4   2.7125444587246634     
         134      7     33  0.89415194703194956     
         135     29     17   1.9091221598193016     
         136     24     45   2.4840049711919372     
         137      9     39   3.3404770017153820     
         138     13      9   1.4045904614222084     
         139     38     10   1.6516373475144730     
         140     13      5   1.1057778033989427     
         141     30     10  0.97323171227165739     
         142     26     18   2.9591487926259950     
         143     11     42   1.1519885188449113     
         144     43     39   3.1302477599692735     
         145      4     22   1.5875208422727063     
         146     29     20   1.7856771930065518     
         147     33     17   1.8965510984117924     
         148     39     38  0.99795404726348425     
         149     44     43   2.7878965184435374     
         150     37     30   3.6283697125152803     
         151     28     42   2.7130144207643281     
         152      7     28   1.5060646462094553     
         153      4     18   1.3875706786502169     
         154     17     25   1.7291697744621546     
         155     37      1   3.1001317399924222     
         156     27     17   2.3170170992736687     
         157      8      5   1.0288642710468070     
         158     12      2   1.2862716777117540     
         159     40      1   2.2086019909581891     
         160     43     41  0.81628569170274223     
         161     37      7   2.0116792662739265     
         162      7     26   1.8636142295613334     
         163     16      4   1.0473993154936585     
         164     32     14  0.93281096077938519     
         165     27      6   1.8269102891777831     
         166     44     21   2.7597354274143382     
         167     35     20  0.73698936656880298     
         168     31     45   1.0702809284407644     
         169     13     24   1.1312991179006731     
         170     33      1  0.88595431713370743     
         171     37      1   2.2871915969821548     
         172     31      6   3.7205217251547107     
         173     11     34   1.9428345695623082     
         174     29     38   2.5273065251856823     
         175     26      1   1.5645329204075031     
         176     12     13   1.4114579933543454     
         177     38      5  0.75300339161149610     
         178     11     19   1.4873163995827055     
         179      1     44   2.1452479193718359     
         180     16     25   1.5171387890669439     
         181      1     36   1.5018064959373663     
         182     43     28  0.69285979743442994     
         183     25     33   1.2666156051898985     
         184     45     35  0.87748579597579768     
         185      1     27   2.5873444658150886     
         186     12     37   1.4521273882834731     
         187     25     19  0.66605777919096743     
         188     28      4   1.5916611861861669     
         189     12      7  0.88659513297733628     
         190     33     13   1.4877314369917740     
         191     20     39  0.79746915965612541     
         192     30     28   2.5244067823855803     
         193     27     21   1.3908458404167705     
         194     15     41   1.6212322719193357     
         195     42     25   1.7291668749226847     
         196      5     17   1.7395406130641318     
         197     17     19   1.1838052331260553     
         198     23      5   2.6346989344848235     
         199      4      4   1.1982109962330756     
         200     41     23   2.0895283092555430     
         201     20      3   1.2776511987323165     
         202     10     18   1.6121707476859040     
         203     22     12   3.3188150017759521     
         204     24      5   1.4555767061744866     
         205     27      3   1.5082592085201743     
         206      3     21   1.2652696973572146     
         207     44     17   2.3911431619614145     
         208     15     24   4.8664447295342272     
         209     38     40   1.2766568135886656     
         210     22     27   1.5287476793320138     
         211     28      7   1.5954462221402408     
         212     40     19   2.7410251716647354     
         213      1     21   1.3839762561671052     
         214     15     18  0.68166640559722014     
         215      6     37   1.0095345023269420     
         216     41     21  0.82253117923262398     
         217     32     41  0.95696180817072096     
         218      9     29   1.5431324367117438     
         219     27     15  0.83627768848199824     
         220     40      6  0.67675723034771951     
         221     25      5  0.72430811813409135     
         222     27     26  0.73883034880073573     
         223     32      3  0.53307055037064499     
         224     18     24   1.2931706917146131     
         225     28     43   1.4575535586457322     
         226     43     38   1.8113595044647204     
         227     11     36   1.4785591097647726     
         228     31     43   3.1693844183534212     
         229     37     21   2.6209567294388387     
         230     29     32   1.6607308604376141     
         231      8     18   2.6228271621528818     
         232      8     32  0.91352627648935780     
         233     37     24   1.3025371514377091     
         234      9      6   2.6588420047776946     
         235      3      8   1.6758781349690144     
         236     25     39   2.3375302725022182     
         237     18     16   2.1219532191221822     
         238     27     43   1.1279674386792389     
         239      1     39   1.3489242250014652     
         240     28     27  0.73990765789846857     
         241     28     20   1.5325066573482256     
         242      2     35   1.2558226878557639     
         243     20     16   3.0433511264205286     
         244     14     45   1.6604771392283364     
         245     27     35   1.0217839576008589     
         246      7      1   1.4339863256244123     
         247     20     11   1.5958683620155270     
         248      6     30  0.87452447354469709     
         249     33     16   1.3995743473735691     
         250     28     17   3.3897354772145616     
         251     29     10  0.62226744392895461     
         252      1     18   3.8023471217540905     
         253     24      8   4.5526964735414861     
         254     35     18   1.5584778891447750     
         255     33      5   1.8628843863104267     
         256      1      4   1.8512654478731674     
         257     39     43   1.1733670559903719     
         258     39      4  0.68867681797224789     
         259     31     31   2.6144224790031814     
         260      6     36   3.3554899413616899     
         261     11      7   1.3447732162860131     
         262     13     42   2.4007345851508681     
         263     30      4   1.7713239132908078     
         264     27     21   2.7836796235507566     
         265     39     16   1.5805808401236605     
         266      2      5   2.6218440921199915     
         267     35      2   1.4046019829860443     
         268     18     29   3.2075784467195243     
         269     23     38   1.4148640857793788     
         270      2      2  0.62973612032236981     
         271     17     39   1.6969453238116063     
         272     31     23   2.3873015913515014     
         273     37      4   1.1451856185528029     
         274      4     12   2.3482114094383046     
         275     34     45  0.48007590463363997     
         276     23     22   1.9841766009947877     
         277     16     13   1.6461718363884332     
         278     29     45  0.80770429199914429     
         279     39     16   1.2178836577358332     
         280     43     24   1.4852977162939036     
         281     33     43   1.3598050759601596     
         282     13     38   2.7994228301927437     
         283     18     27  0.92267804296052613     
         284     45     19   3.4662985568725690     
         285     34     30  0.54010772044050737     
         286     29     41   2.2158541151826801     
         287     13     15  0.70760262010241604     
         288     25      6   4.3428626092826503     
         289     45      2   2.0323238422010248     
         290     19     39   1.3551953865683417     
         291     12     32   1.8344851431288822     
         292     28     13   1.3965174681289358     
         293     10     37   1.3771348797850729     
         294     30     20   1.4511959448524390     
         295      5      3   3.1378319740817764     
         296      4      3   1.7029836946553911     
         297     39      7   1.6192749072197592     
         298     45     40   2.5788689670224576     
         299     40      7   1.5672965934673695     
         300     22     42   1.3920866291166949     
         301      7     42   1.7869226019442523     
         302     25     25   1.3919899846451422     
         303     14     14   1.0391121916034884     
         304     42      9   7.9536698928237248     
         305      1     34   1.4951426146005937     
         306     43     18   2.1699344165355723     
         307     38     16   1.7867869213775696     
         308     34     27   2.2308272718372240     
         309     41     36   1.6042357215712872     
         310     17     22   1.1518903076679305     
         311     14     19   1.8334369641421442     
         312     12      9   1.6908995213924305     
         313      4     28   1.7040028412189387     
         314     19     18  0.96695622791909475     
         315     36     19   2.7870318073363389     
         316     11     38   2.1769351998374180     
         317     37      8   1.3619483596948170     
         318      3     12   2.3831207826190428     
         319      3     43   1.6748581825555631     
         320     41     20   2.6118966039820219     
         321     33     34   3.4553182171804000     
         322     19     43  0.79107026293780103     
         323      1      7   1.9893135385325260     
         324     45     42   1.6449132339263242     
         325      9      2   2.1038695360489430     
         326     36      8   1.0860833176743296     
         327     27     39   1.9584828337727269     
         328      6     11   1.5532583244001288     
         329     44     35   2.4922409326115713     
         330     11     13   4.7593714014166233     
         331      5      9   2.0896159215202301     
         332      8     12  0.68048982592414786     
         333     39     10   3.6024392096929252     
         334     36     44   2.1138981605024814     
         335     30     18   1.9434968111650717     
         336     37     29   3.8058761753121382     
         337     18     40   1.4139147142848687     
         338     44     33   1.4120583158181621     
         339      4     10  0.87902433838067540     
         340     13      4   1.2118061257344663     
         341     22     24   4.8212791384091780     
         342     10     38   1.3815597401311046     
         343     31     12   2.9775154705707361     
         344      1     36   2.1728413382992047     
         345      2     28   1.1261628996176034     
         346      1     42   3.0945652509977100     
         347     13     26   1.2349697197433573     
         348     29     17   4.5034312289811886     
         349     22     29   2.6188543191870046     
         350     24     36   1.4446594148714014     
         351      4      1   2.0611768538975670     
         352     44     18   1.2797638426024078     
         353     39     31   1.4547273184498670     
         354     21     38   2.5079051875364193     
         355     23     39   1.1345404315943988     
         356     24     34   1.5187918513228538     
         357     38     12   4.0361143212657753     
         358     37     32   1.2294747578246936     
         359      5     10   2.3552985937244522     
         360     20     30  0.84377112473246019     
         361     28     38   1.2576581145974417     
         362     35     43  0.62724339753385860     
         363     15     29   2.4812228672959935     
         364     28     38  0.85398936544047133     
         365      9     15   2.0846464286250010     
         366     33     41   1.0663675401003279     
         367     10      3   1.3270174730855371     
         368     33     18   3.4120521356669871     
         369     41     17   2.1000420209530275     
         370     29     25   2.7364336423849180     
         371      2     44   1.6562108412720058     
         372     45     13   2.6432345284978278     
         373     32     15   1.7161127506896139     
         374     39     24   1.2925114363606780     
         375      6     12   1.9967237305244945     
         376     29      4   1.7109700969541641     
         377      1      5   1.4429515177494285     
         378     12      4   1.8823969922177333     
         379     16     12   2.0616908513660479     
         380     20     36   1.5117291269610729     
         381      1      5   1.7504326389153166     
         382      8     34   1.9900955986453062     
         383     33      8  0.73534479512190276     
         384     11     39   1.3485839529662589     
         385     20      9   3.7187432206676285     
         386      9      7   1.9942838439685089     
         387      2     36   1.3101779405679435     
         388     20     28   1.0156488115294329     
         389     25     16   1.8400407492194530     
         390     11     45   1.2587233330168393     
         391      1     16   1.3181850366216312     
         392     15      9  0.98867123687991043     
         393      7     38   2.3840955849487431     
         394     39      4  0.42253688398689521     
         395     19     45   1.1887614935771784     
         396     30      9   1.1901166572474793     
         397     16     43  0.91133685301101242     
         398     24      3   1.9080033919154027     
         399     30     11   2.1010171471112749     
         400      4      6   1.9533714177319472     
         401     38     21   1.4425100746387758     
         402     11      1   1.9766925848588062     
         403     21     29   1.5468261044473091     
         404      3     17   1.0464723976526562     
         405     24     15   2.0118956499021250     
         406      6     21   1.1683188468735621     
         407     41     44   2.6616853035822183     
         408     21     13   3.1197928398786696     
         409      3     16   2.6937105250035303     
         410     39     42  0.91125963788722897     
         411     11      6   1.6464839669035747     
         412     21     32   2.0098411971748646     
         413     18     32   1.6922360878185090     
         414     44     10   1.7355149639414491     
         415      6     28   1.5122342198359022     
         416     13     40   1.6216842172312562     
         417     25     31   2.1819647177486248     
         418     14      8   1.6147753507011449     
         419     25      2   1.9420695716884611     
         420     11     17   1.2627149932187169     
         421     10     31   2.2437978010938817     
         422     36     27   2.0846901667518303     
         423     31     13   1.2811263935460833     
         424     17      5  0.85069460109638251     
         425     41     15   1.6091649646985351     
         426     45     22   1.1671835416553491     
         427     28      5   1.4573122296493082     
         428     41     12   1.1194031055678864     
         429      3     16   1.8643037601447952     
         430     38      6   2.0895159686416838     
         431     36     29   1.7907783945938587     
         432      3     42   4.2869564990239839     
         433     42     25   1.7834803113589415     
         434     16     27   1.4987921377102591     
         435     16     35   1.3213742565429500     
         436     42     15   2.6117802817351130     
         437     40     13   3.6455448990620605     
         438     26     16   2.1341279002823725     
         439     33     30   1.6407249163936890     
         440     41     19   2.4607750953843701     
         441      3      4   1.4024901210027731     
         442     20     35  0.92959445684112041     
         443     30     45   3.4498636129302400     
         444     31     41   1.9805626650856190     
         445     13     45   1.3569126596926171     
         446     23     37   4.7424969347474244     
         447     17     21   1.0588579738547805     
         448      7      2   1.1505176274034270     
         449     20     26   1.7899787836775258     
         450     23     25   1.4132561095557696     
         451     11     25   2.4083939693340293     
         452     27     26   2.1408917834313335     
         453     36      9   2.1769402077447797     
         454     10     34   2.4516605977242452     
         455     12     32   1.0580557067407617     
         456     40     29   1.0790040556308078     
         457     40     34   3.0275856262371588     
         458     21     33  0.97210034964144731     
         459     17     27   1.7495644054348687     
         460     13     37   1.7279058813086507     
         461     19      7  0.82501022612332087     
         462      2     43   1.6174539711054954     
         463     39     31   1.7256617786174531     
         464     36     10  0.90869833410928891     
         465     31     23   2.0653044646736980     
         466     20     17   2.1754156844368229     
         467     13     19   2.0890254556227279     
         468     20      3   1.9566863553045795     
         469     19     45   1.3930108738854421     
         470      6     38   1.1070840421349719     
         471      5     29   2.1536574120405447     
         472     26      3   1.7402135614189085     
         473      6     45   1.0198838905869871     
         474     45     26   1.1837925958348354     
         475     23     19  0.84813615379983609     
         476     34     16   2.3031071392506854     
         477     44     13   2.5763177505373425     
         478      4     10   1.2333617705157132     
         479     10     22   2.0503471850604220     
         480     23      3   2.5599362239596415     
         481      6     18   5.4168260038626048     
         482      6     37   4.4171406129681898     
         483     15     32   1.7297275126589589     
         484     13     20   2.5277461485310888     
         485     27     13   2.8222257983193026     
         486      9     28   1.3339336680824256     
         487     34     10   1.4849610920052416     
         488     10     12   1.7714532119084194     
         489     33     40   1.2306679805881946     
         490     45     19  0.99826371810529035     
         491     13     17  0.88714506998601605     
         492     37     20   2.3790567025947404     
         493     31     12  0.68009802981111200     
         494     21      5  0.71445660387859400     
         495     10      2   2.3126289776080786     
         496      7     34   1.3060183050817635     
         497      1      2   1.2628554373929808     
         498     15     40   2.1761070691416733     
         499     10     12  0.91532543989093096     
         500     35     13   3.0097605794919335     


           1     29      9  0.96529556695770802     
           2     28     44   1.0297481859193152     
           3      9     23   1.1284204543162544     
           4     28      1   1.2703530064444486     
           5     22     15   1.0114152959080531     
           6     26      5  0.91097737451593996     
           7     34     14  0.96610867547794466     
           8     21     27   1.1070680396973349     
           9      3     36   1.1980343320675921     
          10      8     20   1.2128754987420634     
          11      9     17   1.1941360092230870     
          12     25      5  0.95937074130378464     
          13     35     32   1.3408749701025100     
          14     20     19   1.3008847971055257     
          15     13     19   1.1321506420516625     
          16     22     11   1.1955754099480886     
          17     14     36   1.0451826075376858     
          18     30     37   1.0941536959468514     
          19     27     42   1.2367960061006640     
          20     25     36   1.1005997775688234     
          21      6     13  0.92969007586259322     
          22     27     21  0.96177875140158564     
          23     32     16   1.3249495768024364     
          24     23     17   1.1550965085085081     
          25     45     43  0.91225225503966478     
          26     34     39   1.0965957459484688     
          27     34     35  0.97808479842417273     
          28      9     35  0.97262785133025920     
          29      3     12   1.0665433769440378     
          30     36      3   1.1989313455791988     
          31      9     20  0.98880564046773323     
          32     20     31   1.1948882038360724     
          33      8     11   1.2307731940065150     
          34     43      7   1.0560686489495004     
          35      8     40   1.8155542245222622     
          36     36     30  0.92298253969237165     
          37      3      2   1.2128299270959966     
          38     29     38  0.89271364863866687     
          39     43     14   1.1088696379772063     
          40     35      1   1.2171147769589750     
          41     11      4   1.2551644514820237     
          42     41     31  0.98245315805195277     
          43      7     26   1.2254186707053727     
          44      5     19   1.3303893873080723     
          45      6     14   1.2131702824893709     
          46     25     28   2.9193528901144363     
          47     41     22   1.0662464102217815     
          48      9      7   1.0223813903405294     
          49      7     12   1.4344184186186977     
          50     36     30   1.0823631599497472     
          51     27     18   1.3504363269574258     
          52     31     39   1.3649329056702844     
          53     28     31   1.0596287879639594     
          54     20     39   1.1077626945521470     
          55     27     25   1.2643892057915913     
          56     13     44   1.0504178884909248     
          57     29     37   1.0913736532941387     
          58     38     21   1.2945923383543245     
          59     31     40  0.96955703542356775     
          60     16     41   1.0030949463994803     
          61     16     16   1.0009691266495242     
          62     26     21   1.0203995286680876     
          63     35     31  0.97617334947441670     
          64     28      8   1.4970254248605950     
          65     26     30   1.0562643940615215     
          66     23     16  0.95205018840649869     
          67     30     29   1.2486141284088952     
          68     40     15   1.0146569712837279     
          69      7     25   1.3105144490619294     
          70     23      5   1.0190538971246637     
          71     24     38  0.95442881722942174     
          72     30     21  0.98988037689061337     
          73     32     16   2.3613989881220645     
          74     33     25   1.0932956972078676     
          75     32     24   1.0895868746885273     
          76     43     13   1.1541574637227743     
          77     22     38   1.1435659806826162     
          78     33      5   1.2868589794874552     
          79     24     21   1.1489954316292224     
          80     16     24   1.0141021398496084     
          81     23      8   1.0818508385941943     
          82     11     40  0.97578665323315183     
          83      7      2   1.1170265605447793     
          84     17      4   1.0939347801345656     
          85     40     32   1.1604552021108490     
          86     26      3   1.1381255220718147     
          87     31     44   1.1750362345491916     
          88     36     12  0.84884428216144048     
          89     14     31   1.1475848178238690     
          90     27      9   1.1640278421462638     
          91     18     37   1.1979119632971851     
          92     36     11   1.1632430016695898     
          93     44      8  0.88108140317317440     
          94     40     16   1.0978948084784488     
          95      5     29   1.1540524104122154     
          96     36      1   1.0487953314481970     
          97     42     14   1.1541168691229984     
          98     30     14   1.1315477354441512     
          99     31     28   1.0651188259924012     
         100     11     41  0.87150254093481261     
         101      8     41   1.2556705540172954     
         102      3     32   1.1079925590407624     
         103     10      3  0.91348623540005314     
         104     14     28   1.0351703186942325     
         105     43      5   1.1255046181274675     
         106     33     14   1.2618676677651330     
         107     39     42   1.0501453118936239     
         108      5     25  0.93860298859469604     
         109     11      9   1.0691074456526661     
         110     30     16   1.0288622018060247     
         111     23     25   1.1104887495517333     
         112     38     37   1.1142031026303831     
         113     22     45   1.1129474566382538     
         114     16     35   1.0825200392045347     
         115      1     36  0.84583162713896609     
         116     18     25   1.1534088499873274     
         117     21     43  0.99514463885257609     
         118     38     17   1.2458390489790638     
         119     32     22   1.2345697973937244     
         120      2     10  0.99657117110228155     
         121      6     43   1.1172466305983337     
         122     31     20   1.1559105764366309     
         123      3     44   1.3348471432536284     
         124     17     31   1.0449756852717182     
         125     35     10   1.3419038238018597     
         126     40      6   1.0260370978017808     
         127     39     39   1.1857637781872918     
         128      3     45   1.3106868525753137     
         129      4     30   1.0779425172559123     
         130      8     28   1.1093364634839153     
         131     38     17   1.2654874770271165     
         132     10     32   1.1266565310644348     
         133     33     32   1.3924219043132902     
         134     30     36   1.0366735101957958     
         135     36     30   1.0729300958532841     
         136     29     40   1.1774064578790469     
         137     44     23   1.3894293049707704     
         138     41     23   1.0921320006477580     
         139      1     41   1.1073470425149441     
         140     45     18  0.85790860490842136     
         141     12     26   1.1973291575020140     
         142     21     31   1.0210677131789097     
         143     29     30   1.3307621307898148     
         144     14     40   1.0722898656779334     
         145     35      2   1.1279545505193922     
         146     40     38  0.91638230863015002     
         147     25     36  0.90762929773687795     
         148     23     26   1.5240588562763988     
         149     38     41   1.1335602988563518     
         150      1     15   1.0681845199931084     
         151      9     35   1.2540117571380784     
         152     22     23   2.7373208695969384     
         153      2     27   1.0700109327466789     
         154     29     32  0.95769158873821347     
         155      5     44  0.91522747206181476     
         156     29     10  0.99399890863088802     
         157      2     16  0.78026682765485944     
         158     32      4   1.1198809467234818     
         159     30     23   1.0980568201952079     
         160      9      2   1.0347067877018694     
         161     35     43   1.1392702263772592     
         162     25     18  0.96693749629955728     
         163     15     23   1.1496850333669744     
         164     43     41   1.1591744031156832     
         165     24     19   1.1228927750778301     
         166     15     20   1.0059839815286671     
         167     28     44   1.0258819073793009     
         168     23     26   1.0782696108339795     
         169     21      9   1.0179382512948139     
         170     19     39   1.4045611816309018     
         171     34      9  0.99886126776455253     
         172     18      6   1.1102183399611343     
         173     12     25   1.0923062228495943     
         174     31     20   1.3177441130809402     
         175     22     44   1.3370816845462292     
         176     34      3   1.0943824188889761     
         177     27     40  0.86949548549205347     
         178     25     40   1.2460984611033379     
         179     21     34  0.97900161709778777     
         180     45     30   1.3010436918828869     
         181     18      9   1.1865246508422391     
         182      3     11  0.99284067084667504     
         183     20     25   1.0164144368002808     
         184     36     36  0.90747075989872883     
         185     10     10   1.1025855476079944     
         186     41     37   1.0546468581461057     
         187     24     18   1.1410370622685011     
         188      9      3   1.1267490833697682     
         189     15     26   1.1985231185616674     
         190     35     36   1.0725117996265618     
         191      2     45   2.3931810437544381     
         192     36      2   1.1798239396468373     
         193      4      1   1.0667740707873752     
         194     21      9   1.0355973329086257     
         195     33      7   1.0940241020646455     
         196     18     35   1.1458736107800196     
         197     26     34   1.1902538208243620     
         198      1      3   1.2644677426292472     
         199     41     21   1.2884923817218701     
         200     12     38   1.1449819554917982     
         201     43     22   1.2625696155522093     
         202     38     41   1.2573180990142852     
         203     39     33   1.1465012868034354     
         204     30     24   1.4738601342964648     
         205     35     31   1.1502335144896061     
         206      4     22   1.1275133646993920     
         207     37      7   1.1371184940395085     
         208     25     10   1.2827185262256484     
         209     28     25   1.1156539455865286     
         210     44      9   1.2523434646416838     
         211      8      8   1.1335426028204680     
         212     33      2  0.81185363775957353     
         213     35     42   2.6319271612573067     
         214      2     12  0.97932670421382040     
         215     20      6  0.99584227936298497     
         216     16      8   1.1753872883204577     
         217     38     10   1.2160185452151617     
         218     40     14   1.2422383315323626     
         219     37      6   1.0761381591883770     
         220     38      1  0.99502695503915717     
         221     35     40   1.2824736520027702     
         222     19     19   1.0724312918448622     
         223     25     35   1.1270446581589186     
         224      7     25  0.97153652216701436     
         225     15     11   2.8601104958270596     
         226     33     35   1.3401470863506546     
         227     23      6   1.0587389149595019     
         228     22      8   1.0518986809939113     
         229     23     24   1.0516741637638805     
         230     13     45   1.0762883012447959     
         231     27     43  0.98380104848097250     
         232     42     10   1.1328177893768332     
         233     33     36   1.3451892785868460     
         234     22     18   1.1120219145507162     
         235      7     24   1.1515463953240810     
         236      8     29   1.0405424232158509     
         237     39     34   1.1979322026996557     
         238     34      6   1.0710537015741723     
         239     19     33   1.4342681843537557     
         240     26     42   1.2170809871588775     
         241     17      9  0.98288528547665543     
         242     13      2   1.2534175697229373     
         243     14      7  0.96820042598876965     
         244      1      1   1.0724802046396336     
         245     29      8   1.1171947657371752     
         246     24     34   1.2303398862257797     
         247      3      8   1.3258407211851555     
         248     30     16   1.1193468042446661     
         249     19     32   1.0350887945217606     
         250     25     25   1.1322768588221945     
         251      4      8   1.0871734109432043     
         252     29     16   1.0401072324178968     
         253      7      4   1.0043725356211715     
         254     38     11   1.1255891080648281     
         255      8     30  0.95430514296518099     
         256      3     18  0.97968163446957668     
         257     32     15   1.0814634349985401     
         258     35      5   1.1192797970870680     
         259     31     17   1.2911638856351322     
         260      8     31   1.1800974346011226     
         261     25     24  0.89145569439468264     
         262     32     43  0.98654272399821119     
         263     11     37   1.1516371127206082     
         264     35      6   1.1270700397103557     
         265      8     30  0.96658813383069486     
         266     39     14   1.2067183449360965     
         267     34      1  0.96875561169195279     
         268     24     42   1.0832938083977446     
         269      4      6   1.2069790892441665     
         270     10     43  0.86085583389204567     
         271     35     37   1.1724409366142376     
         272     22     29   1.2756979462754954     
         273     13     20   1.0950774296775896     
         274     41     31  0.99123906442642717     
         275     32     33   1.3099896328875740     
         276     19     12   1.3350120083602226     
         277     41      6   1.0970355550112170     
         278      3     16   1.1714804645834365     
         279      6     32   2.2162642651031783     
         280     40      5   1.3339848076977032     
         281     40     14   1.1108096763334590     
         282      8     10   1.0660711276323254     
         283     30     31   1.4453057597557986     
         284     23     30   1.0705372833374460     
         285     41      1   1.0595033308248281     
         286     34     28   1.1662600933019933     
         287     12     41   1.1032620554353503     
         288     13     39   1.2037875632904285     
         289     37      3   1.1790930579195509     
         290      2     19  0.99920285400892428     
         291     41     44   1.0196556273774999     
         292     19     44   1.0998582702556994     
         293     25     36   1.2405894930617671     
         294      3     21   1.2039211260646552     
         295      9     42  0.96057359632201289     
         296     11      5   1.2386048711769351     
         297     39     19   1.1444573974025110     
         298     32      9   1.0903521858347722     
         299     28     25   2.0768975475836990     
         300     39     28   1.1361831883545086     
         301     39     30   1.0882471501680251     
         302      1     15   1.4377120565216697     
         303     24     33   1.0370653889162349     
         304     30     17   186.01235317282487     
         305     45     18  0.95521531410555127     
         306     30     24   1.0786023582607871     
         307     11     38   1.1387215089747647     
         308     34     25   1.0765289441372059     
         309     17     23  0.95165184783206913     
         310     15     13   1.1974447288204046     
         311     15     12   1.1536235223136484     
         312     16     31   1.2656245329984299     
         313      4     44   1.2827315817403684     
         314     21     43   1.0325551307375405     
         315     11     10   1.1842226152736617     
         316     26     17   1.1406098613398616     
         317     33      7   1.2968809481132639     
         318     13     45   1.0292555965913817     
         319      8     17   1.9112387450560560     
         320     27     18   1.1309840281640369     
         321     29     44   1.0189815763192287     
         322     31     40   1.2759704268293397     
         323     36      4   1.1163168030563384     
         324     37     22   1.0805469313071447     
         325     23     21   1.0474372363957285     
         326      3     39   1.2653723110696908     
         327     31     40   1.0255361904997893     
         328     30      9  0.98309014557184160     
         329     35     25   1.1386250758203480     
         330     35     10   1.1569007274964931     
         331     10     39   1.3536451511819512     
         332      2     10   1.1012177305344217     
         333     39     28   1.1271176587626410     
         334     43     14   2.0966236068973325     
         335     15     21   1.1519809532669740     
         336     28     17   1.0817633617376741     
         337     28     27   1.0949163307507535     
         338      9     15   1.0203320618422655     
         339     15      3  0.95548098133789827     
         340     25     27  0.99730201404502050     
         341      1     25   1.0398249562804176     
         342     14     10   1.0987429043151493     
         343     18     16  0.96269381558745604     
         344     22     27  0.95627978899701083     
         345     31     20   1.0482826283735054     
         346     24     16   1.8890787191439127     
         347     44      9   1.1791711454270828     
         348     19      3   1.0494273329759651     
         349     38     30   1.0350891652719529     
         350      1     19   1.1225551117789125     
         351     10     23  0.96623920309595235     
         352     21     14   1.0317997994602048     
         353     18     41  0.95955574672803778     
         354     15     22   1.1916259372095657     
         355     45     35   1.1675429993754409     
         356     37     41   1.2015920160129312     
         357     29      7  0.94565482414361757     
         358      6     36   1.0199009653331772     
         359     13     28   1.3489401443587394     
         360     45      3   1.0212627839648110     
         361      9     28   1.0330593349810682     
         362     41     19   1.3249057624067815     
         363     44     36  0.90239900026360975     
         364      9     19   1.1234188335337894     
         365     22     33   1.0394466638468540     
         366     30     38   1.2139258703609339     
         367     23     16  0.95522887323857941     
         368     24     21   1.0326543675044657     
         369     20     12   1.2607948876175672     
         370     33     29   1.1195892235442106     
         371     28     26  0.84953693227787508     
         372     29     35   1.0472960093120998     
         373     16     17   1.1028232267354148     
         374     31      2   1.0099720427792589     
         375     30      3   1.0901979604614174     
         376     10     20   1.1185912881696876     
         377     30     43   1.1961020938546454     
         378     38     43   1.0891088153114334     
         379      2     37   1.0741146021703651     
         380     45     17   1.1256128615671501     
         381      6     12  0.99681060977911984     
         382     21     11   1.0221610553838072     
         383      3     34   1.0178396062926416     
         384     13      9   1.0727675771584961     
         385     37      5  0.99491061158926830     
         386     38     18   1.1209361317208313     
         387     22     19   1.0582324971614625     
         388     36      5   1.2108684937836112     
         389     32     20   1.3825168381644393     
         390     20     26   1.2250686867406306     
         391      3     34   1.1607810034264268     
         392     35     27  0.91357866408594990     
         393      6     44   1.2936701442207581     
         394      4      9   1.1712262950354411     
         395     38     36  0.97732429733789616     
         396     27     19   1.7891251817762976     
         397     39     45   1.4129942532630932     
         398      2      8   1.0511499965485924     
         399     16     24   1.0347031213568216     
         400     36     22   1.1010223137757016     
         401     34     17   2.0194738042531584     
         402     27     25   1.0147662664716381     
         403     12     38   1.0564580614068195     
         404     36     14   1.1350181513825761     
         405     26     21   1.3097428438100998     
         406     16      7   1.1232410973116349     
         407     28      2   1.1200460151702811     
         408     33     25  0.87140827746911409     
         409     43     45  0.92960458535300261     
         410     16     23   1.2897657211956004     
         411     11     30   1.0834994083952356     
         412     34     22  0.98836895172669303     
         413     42     32   1.1022613706703008     
         414     32     36   1.2055238991979269     
         415      9      5   1.1090004839849852     
         416     29     13   1.1400855306638811     
         417      4     44   1.0474423567899547     
         418     40      4   1.1976554525738761     
         419      9     41   1.0990166318205732     
         420     39     23  0.94532219838495146     
         421     29      2   1.0621752623839547     
         422     36      3   1.0099136075894255     
         423      1     17   1.1320842809703395     
         424      8      4   1.0015830147329114     
         425      7     40   1.1931097719220733     
         426     30     22   1.2328434793323024     
         427     12     41   1.0212162712528994     
         428     27     23  0.96774039007370527     
         429     10      2   1.3737130217315514     
         430     26     33  0.95071400483341184     
         431     32     37   1.3036272926982653     
         432     37     33   3.0656616632807885     
         433     18     13  0.99386636047246335     
         434     26     16  0.99761428449041034     
         435     17     40  0.87412880387022274     
         436      4     16   1.1663969443872733     
         437     34     19  0.91857891957557025     
         438     33     23   1.1279626100859002     
         439     39     34   2.3027803481887461     
         440     18     16   1.1377456514630473     
         441     25     43   1.3909057524972317     
         442     40     29  0.91673746174220105     
         443     38     31   1.0711687809938046     
         444     26      9   1.0512952182737656     
         445     21     30  0.94692419153167640     
         446     45     34   1.0552713992909304     
         447     45     21   1.2045806879053946     
         448     11     35   1.1868144072062088     
         449     19      7   1.1377948275957979     
         450     23     20   1.2359775977072325     
         451     15     41   1.0486913206479824     
         452     29     11   1.2805947901156651     
         453     39     24   1.1929812355087386     
         454     42      9  0.93947409089028489     
         455     14      3   1.2002436013287650     
         456     26     14   1.1051233000417509     
         457     32      6   1.0984526604796789     
         458     36      8   1.1085782303098166     
         459     22      7   1.1956099897403363     
         460     33     28   1.3490696631448071     
         461     10     23   1.0480319189602272     
         462      5      4   1.1355882519999660     
         463     45     26   1.2449617861862041     
         464     24     14   1.2084416733815846     
         465      1     17   1.0139413477076471     
         466     17     18   1.0399195682649482     
         467     22      1   1.2402778433610617     
         468     45     15   1.2065687174903441     
         469     21     36   1.1566743887266095     
         470     16     13   2.0129081134098050     
         471     33     21  0.82778109685905554     
         472     29      5   2.0345205876912726     
         473     45     17  0.83640016760511504     
         474     13     14  0.99209580975240097     
         475      8     36   1.1922659897539969     
         476     37     22   1.1015002304681014     
         477      5     20   1.1112869902742852     
         478     37     27   1.0361904174159624     
         479     14     23   1.0310488967734379     
         480     29     25   1.2212165442114242     
         481      7     36   1.2129691858033580     
         482      3     43   1.0552067114828978     
         483     10     44  0.95213193261678275     
         484     45     26   1.1362457371295078     
         485     23     22   1.2279027524484110     
         486     40     19   1.0942278113334551     
         487     39     12   1.1452600205486521     
         488     43     28  0.98431993778728466     
         489      2     22   1.1604122596710817     
         490     39     32  0.95588344935444525     
         491      4     37   1.4221356382316486     
         492     11     33   1.3671787110378852     
         493     26      9   1.3766780413311952     
         494      4     23   1.1074282947213216     
         495     14     36   1.2271196879505586     
         496     26      2   1.1006966785054293     
         497     29     38   1.1342801141342040     
         498     11      3   1.1810512866004503     
         499     39      8   1.1060211034435310     
         500     40     23   1.1436167715240044     
